10.000000 14.000000 154.278014
13.522292 20.641542 109.459423
15.138297 24.003224 146.116295
15.270684 24.443327 145.255516
12.895331 20.385103 108.921333
12.021259 19.349642 119.231867
5.812359 8.410558 179.791649
4.026231 5.359925 175.024748
4.282560 6.775751 178.815869
5.177857 9.330451 177.306860
2.503876 3.988707 177.448415
0.708419 1.041193 192.374686
-0.447497 -1.236974 194.205996
-0.696771 -0.961957 194.370586
-0.953759 -0.739286 194.508801
-1.222671 -0.579780 194.624127
-1.502698 -0.475776 194.725889
-1.791213 -0.411632 194.821632
-2.086250 -0.374280 194.915499
-2.386859 -0.355945 195.009514
-2.692670 -0.352782 195.104697
-3.003518 -0.363181 195.201615
-3.319247 -0.386700 195.300625
-3.639607 -0.423498 195.401971
-3.964200 -0.474043 195.505826
-4.292448 -0.538970 195.612308
-4.623564 -0.618987 195.721484
-4.956529 -0.714821 195.833371
-5.290082 -0.827174 195.947926
-5.622713 -0.956691 196.065056
-5.952666 -1.103925 196.184614
-6.277957 -1.269319 196.306414
-6.596398 -1.453195 196.430244
-6.905630 -1.655752 196.555895
-7.203156 -1.877085 196.683193
-7.486371 -2.117217 196.812041
-7.752575 -2.376149 196.942468
-7.998956 -2.653919 197.074697
-8.222543 -2.950671 197.209211
-8.420104 -3.266727 197.346856
-8.587996 -3.602622 197.488958
-8.721953 -3.959103 197.637480
-8.816847 -4.337005 197.795205
-8.866503 -4.736921 197.965872
-8.863715 -5.158518 198.154073
-8.800867 -5.599309 198.364456
-8.671682 -6.052843 198.599461
-8.474647 -6.506777 198.855190
-8.217594 -6.942357 199.117189
-7.920564 -7.337640 199.361523
-7.612565 -7.674797 199.564835
-7.321833 -7.946960 199.716290
-7.066634 -8.158794 199.819748
-6.853222 -8.321332 199.886656
-6.679590 -8.446438 199.928776
-6.540130 -8.543969 199.955070
-6.428658 -8.621205 199.971504
-6.339697 -8.683270 199.981824
-6.268742 -8.733748 199.988342
-6.212172 -8.775192 199.992481
-6.167094 -8.809466 199.995122
-6.131202 -8.837974 199.996817
-6.102653 -8.861798 199.997909
-6.079973 -8.881785 199.998616
-6.061984 -8.898613 199.999076
-6.047745 -8.912826 199.999378
-6.036498 -8.924867 199.999577
-6.027639 -8.935095 199.999709
-6.020684 -8.943807 199.999797
-6.015244 -8.951248 199.999857
-6.011009 -8.957619 199.999897
-6.007728 -8.963087 199.999926
-6.005204 -8.967792 199.999945
-6.003277 -8.971849 199.999959
-6.001820 -8.975356 199.999969
-6.000733 -8.978393 199.999977
-5.999933 -8.981029 199.999982
-5.999359 -8.983322 199.999986
-5.998958 -8.985319 199.999989
-5.998691 -8.987063 199.999991
-5.998525 -8.988587 199.999993
-5.998436 -8.989922 199.999995
-5.998404 -8.991093 199.999996
-5.998414 -8.992121 199.999997
-5.998454 -8.993025 199.999997
-5.998515 -8.993821 199.999998
-5.998590 -8.994522 199.999998
-5.998673 -8.995141 199.999999
-5.998760 -8.995688 199.999999
-5.998849 -8.996171 199.999999
-5.998936 -8.996599 199.999999
-5.999021 -8.996977 199.999999
-5.999103 -8.997313 200.000000
-5.999180 -8.997610 200.000000
-5.999253 -8.997874 200.000000
-5.999321 -8.998108 200.000000
-5.999384 -8.998316 200.000000
-5.999442 -8.998500 200.000000
-5.999496 -8.998664 200.000000
-5.999545 -8.998810 200.000000
-5.999589 -8.998940 200.000000
-5.999630 -8.999056 200.000000
-5.999667 -8.999158 200.000000
