40
81 75 80 90 88
83 63 94 100 95
76 74 88 86 87
81 65 76 78 75
82 75 84 58 81
72 62 82 70 67
60 62 91 72 89
67 74 67 76 90
71 68 73 62 92
60 57 67 52 64
82 73 88 84 83
83 71 83 69 87
77 67 77 72 71
81 71 65 87 92
70 55 82 52 73
75 70 78 62 80
78 79 94 80 84
81 68 78 67 87
69 57 75 64 58
77 73 71 82 93
85 67 92 72 96
75 56 76 89 63
84 76 94 82 86
89 83 96 90 100
70 69 85 59 72
74 63 95 79 85
93 79 100 82 94
77 79 97 84 94
68 71 81 55 88
53 59 60 61 86
76 73 86 76 86
64 60 77 62 87
80 75 70 90 81
91 69 86 78 75
83 71 88 60 92
82 69 84 79 80
76 83 89 76 97
78 75 84 96 100
67 71 71 61 74
70 69 77 94 95
